80
80
80
80
80
80
80
80
80
80
80
80
80
80
80
80
80
80
80
80
80
80
80
80
80
80
80
80
80
80
80
80
80
80
80
80
80
80
80
80
80
80
80
80
80
80
80
80
80
80
80
80
80
80
80
80
80
80
80
80
80
80
80
80
80
80
80
80
80
80
80
80
80
80
80
80
80
80
80
80
80
80
80
80
80
80
80
80
80
80
80
80
80
80
80
80
80
80
80
80
80
80
80
80
80
80
80
80
80
80
80
80
80
80
80
80
80
80
80
80
80
80
80
80
80
80
80
80
80
80
80
80
80
80
80
80
80
80
80
80
80
80
80
80
80
80
80
88
F5
7E
5C
D9
80
80
80
80
80
80
80
80
80
80
80
80
80
80
80
80
80
80
80
80
80
80
80
80
80
8D
DF
54
7D
7D
7D
1D
80
80
80
80
80
80
80
80
80
80
80
80
80
80
80
80
80
80
80
80
80
80
80
90
DF
51
7D
7D
7D
75
FD
92
80
80
80
80
80
80
80
80
80
80
80
80
80
80
80
80
80
80
80
80
80
A8
E0
4E
7D
7E
7D
7D
46
C0
80
80
80
80
80
80
80
80
80
80
80
80
80
80
80
80
80
80
80
80
80
AC
36
70
7D
7D
7D
7E
7D
46
98
80
80
80
80
80
80
80
80
80
80
80
80
80
80
80
80
80
80
80
80
80
80
8F
BC
BC
28
7D
7D
7E
48
97
80
80
80
80
80
80
80
80
80
80
80
80
80
80
80
80
80
80
80
80
80
80
80
80
80
C6
77
7D
7D
75
95
80
80
80
80
80
80
80
80
80
80
80
80
80
80
80
80
80
80
80
80
80
80
80
80
80
CB
4F
7D
7D
4F
DC
80
80
80
80
80
80
80
80
80
80
80
80
80
80
80
80
80
80
80
80
80
80
80
80
80
CF
5B
7D
7D
7D
0A
80
80
80
80
80
80
80
80
80
80
80
80
80
80
80
80
80
80
80
80
80
80
80
80
80
E9
7A
7D
7D
7D
A2
81
80
80
80
80
80
80
80
80
80
80
80
80
80
80
80
80
80
80
80
80
80
80
80
80
DF
7E
7E
7E
7E
DE
80
80
80
80
80
83
8D
8D
8D
88
80
80
80
80
80
80
80
80
80
80
80
80
80
80
80
80
EB
7D
7D
7D
4C
8F
80
80
80
80
95
26
7D
7D
7D
54
99
80
80
80
80
80
80
80
80
80
80
80
80
80
80
A1
59
7D
7D
04
C0
80
80
92
AB
1D
2B
7D
7D
7D
7D
7D
20
82
80
80
80
80
80
80
80
80
80
80
80
80
83
26
7D
7D
72
B1
91
B1
1E
52
7E
7D
7D
7D
7D
7D
7D
7D
7D
8B
80
80
80
80
80
80
80
80
80
80
80
80
8A
63
7D
7D
4F
8F
2C
7D
7D
7D
7E
77
49
7D
52
52
7D
7D
2F
84
80
80
80
80
80
80
80
80
80
80
80
80
8A
64
7D
7D
60
D7
72
7D
7D
38
BC
B6
89
BC
A3
36
7D
7D
B4
80
80
80
80
80
80
80
80
80
80
80
80
80
8D
7D
7D
7D
7D
67
7D
7D
7D
DD
D6
D6
D6
ED
59
7D
7D
06
85
80
80
80
80
80
80
80
80
80
80
80
80
80
82
F3
7D
7D
7D
7D
7D
7D
7D
7D
7E
7D
7D
7D
7D
7D
06
85
80
80
80
80
80
80
80
80
80
80
80
80
80
80
80
83
26
7D
7D
7D
7D
7D
7D
7D
7E
7D
7D
7D
2F
B4
85
80
80
80
80
80
80
80
80
80
80
80
80
80
80
80
80
80
87
A3
04
61
7D
7D
7D
43
04
04
04
EE
84
80
80
80
80
80
80
80
80
80
80
80
80
80
80
80
80
80
80
80
80
80
80
80
80
80
80
80
80
80
80
80
80
80
80
80
80
80
80
80
80
80
80
80
80
80
80
80
80
80
80
80
80
80
80
80
80
80
80
80
80
80
80
80
80
80
80
80
80
80
80
80
80
80
80
80
80
80
80
80
80
80
80
80
80
80
80
80
80
80
80
80
80
80
80
80
80
80
80
80
80
80
80
80
80
80
80
80
80
80
80
80
80
80
80
80
80
80
80
80
80
80
80
80
80
80
80
80
80
80
80
80
80
80
80
80
80
80
80
80
80
80
80
80
80
80
80
80
80
80
80
80
80
80
80
80
80
80
80
80
80
80
80
80
80
80
80
80
80
80
80
80
80
80
80
80
80
80
80
80
80
80
80
80
80
80
80
80
80
80
80
80
80
80
80
80
80
80
80
80
80
80
80
80
80
80
80
80
80
80
80
80
80
80
80
80
80
80
80
80
80
80
80
80
80
80
80
80
80
80
80
80
80
80
80
80
80
80
80
80
80
80
80
80
80
80
80
80
80
80
80
80
80
80
80
80
80
80
80
80
80
80
80
80
80
80
80

